data/wasp80b_wiser2025/WASP80b_eclipse_F444W_Eureka.txt
# %ECSV 1.0
# ---
# datatype:
# - {name: wavelength, datatype: float64}
# - {name: bin_width, datatype: float64}
# - {name: fp_value, datatype: float64}
# - {name: fp_errorneg, datatype: float64}
# - {name: fp_errorpos, datatype: float64}
# schema: astropy-2.0
wavelength bin_width fp_value fp_errorneg fp_errorpos
3.8975 0.00749999999999984 0.0006547966529087 9.763055705230004e-05 9.848938777909995e-05
3.9124999999999996 0.007500000000000062 0.0008162974317904 7.878563033119994e-05 7.629502963690002e-05
3.9275 0.007500000000000062 0.0007533718344222 6.936749228470007e-05 7.308453463229997e-05
3.9425 0.007500000000000062 0.0008937427790904 7.529698474340008e-05 8.904729408719988e-05
3.9575 0.00749999999999984 0.0008419383005155 8.75512842794001e-05 8.276669254609996e-05
3.9725 0.007500000000000062 0.0007482449659035 7.203723666109995e-05 7.501064606549996e-05
3.9875 0.007500000000000062 0.0008096800230361 7.36275215536999e-05 7.371036110850003e-05
4.0024999999999995 0.00749999999999984 0.0007435744493392 7.247702084009998e-05 7.360621909790002e-05
4.0175 0.007500000000000284 0.0009123680457644 7.253646135459992e-05 7.713697917040004e-05
4.032500000000001 0.00749999999999984 0.0009400885750146 7.597930294350004e-05 7.201116950119994e-05
4.047499999999999 0.00749999999999984 0.0008268385348185 8.09561082428e-05 8.20942345716e-05
4.0625 0.007500000000000284 0.0009353189620958 7.84237454441e-05 7.965290007929987e-05
4.077500000000001 0.00749999999999984 0.0008341512412604 7.430307810720003e-05 7.388647637110001e-05
4.092499999999999 0.00749999999999984 0.0008661362531049 8.520755260979995e-05 7.905900866199997e-05
4.1075 0.007500000000000284 0.0008548474029034 7.61642422989e-05 7.521093959699996e-05
4.1225000000000005 0.00749999999999984 0.0008374182462273 8.111858953979993e-05 7.811892414090005e-05
4.137499999999999 0.00749999999999984 0.0008986122771222 8.318863967369996e-05 8.306301372579998e-05
4.1525 0.007500000000000284 0.0009753795421008 7.842203472689993e-05 8.360698861350005e-05
4.1675 0.00749999999999984 0.0007432394558635 8.416394554869994e-05 8.478706028090008e-05
4.1825 0.007500000000000284 0.0007174693785727 9.0698386095e-05 9.04769855682e-05
4.1975 0.00749999999999984 0.0007397744134168 8.67831186019e-05 8.480633061899994e-05
4.2125 0.00749999999999984 0.0005030157797592 8.60676075162e-05 8.562321902789993e-05
4.2275 0.007500000000000284 0.0005942451344401 8.852373292010001e-05 9.05650258257e-05
4.2425 0.00749999999999984 0.0005316713522905 8.499764593119998e-05 8.236074153270001e-05
4.2575 0.00749999999999984 0.0004529062994442 8.241953028770001e-05 8.415669033349994e-05
4.2725 0.007500000000000284 0.0005082698464986 8.068833502910004e-05 8.170734285959996e-05
4.2875 0.00749999999999984 0.0003018687139874 9.745571510580002e-05 8.87733687875e-05
4.3025 0.00749999999999984 0.0004842056564766 8.85063354574e-05 9.249011682699998e-05
4.3175 0.007500000000000284 0.0004524352553625 8.748026573890004e-05 8.718516354519994e-05
4.3325 0.00749999999999984 0.0005137956288864 8.551463901130006e-05 8.678686554409998e-05
4.3475 0.007500000000000284 0.000748864420139 8.98152491934e-05 9.473371306659996e-05
4.362500000000001 0.00749999999999984 0.000419815448956 9.656319631800003e-05 9.647187622430003e-05
4.3774999999999995 0.00749999999999984 0.0004558152669004 8.878127873829998e-05 9.193497524950003e-05
4.3925 0.007500000000000284 0.0004648698250774 8.754564817669999e-05 9.021145447350005e-05
4.407500000000001 0.00749999999999984 0.0004672292203402 0.00010250189670470004 0.00010085793667269995
4.422499999999999 0.00749999999999984 0.0008232427452673 0.00010473091246449994 9.941970212570003e-05
4.4375 0.007500000000000284 0.0007976630864218 9.93846652561001e-05 9.707261066339997e-05
4.452500000000001 0.00749999999999984 0.0007556554585267 9.580886997070004e-05 9.414374227259992e-05
4.467499999999999 0.00749999999999984 0.0007035922772942 9.99438669778e-05 0.00010102104478539996
4.4825 0.007500000000000284 0.0007320250424534 9.820372613570001e-05 9.553394874840001e-05
4.4975000000000005 0.00749999999999984 0.0008136705989136 9.706126363979994e-05 0.00010218567126940006
4.512499999999999 0.00749999999999984 0.0007060576888728 0.00011281698291050002 9.808224110640002e-05
4.5275 0.007500000000000284 0.0007291715346484 0.00012220030195990005 0.0001267623120562
4.5425 0.00749999999999984 0.000867381740821 0.00010327411531420002 0.0001069176520222
4.5575 0.007500000000000284 0.0005381793544748 9.997579289279995e-05 0.0001034828800453001
4.5725 0.00749999999999984 0.0007761652529915 0.00010753902386570003 9.955615258569993e-05
4.5875 0.00749999999999984 0.0009469539938522 0.00010757564112120002 0.00010899570191700008
4.6025 0.007500000000000284 0.000862418830112 0.00011436172753869996 0.00013695038262949997
4.6175 0.00749999999999984 0.000650203395053 0.00010174624462499994 0.00010267889048749996
4.6325 0.00749999999999984 0.0006923539822543 0.00010709872787569995 0.00010474044378060003
4.6475 0.007500000000000284 0.0008898229805806 0.00010979109779129994 0.00010413957566779994
4.6625 0.00749999999999984 0.0008326099440863 0.0001063543116716 0.0001045155090167
4.6775 0.00749999999999984 0.0005922392329995 0.00010980118859459993 0.00011499322537850002
4.6925 0.007500000000000284 0.0006480197365702 0.00010877875065510006 0.00011593873552360003
4.7075 0.00749999999999984 0.0009158199766559 0.00011815174672350002 0.00011998045327989994
4.7225 0.007500000000000284 0.0007247595917642 0.00011584345457879997 0.00011773848735929999
4.737500000000001 0.00749999999999984 0.0009281577977834 0.00011219788193429997 0.00011394038943070013
4.7524999999999995 0.00749999999999984 0.0006897496894607 0.00012262423046380006 0.00011896901733929994
4.7675 0.007500000000000284 0.000871449440597 0.00011096787023600002 0.00010905927112550009
4.782500000000001 0.00749999999999984 0.0007513883231094 0.00011430355077649999 0.00011277023032519999
4.797499999999999 0.00749999999999984 0.0008632680218391 0.00012003024327829999 0.00011499687933770001
4.8125 0.007500000000000284 0.0008601506902127 0.00012407833511569996 0.00012868601367379997
4.827500000000001 0.00749999999999984 0.0008568594104286 0.00012205510749110004 0.0001257780679112
4.842499999999999 0.00749999999999984 0.0011113599265373 0.00011813550016939994 0.00011641350505469999
4.8575 0.007500000000000284 0.0008170567506945 0.00014179421281829997 0.00012612835330670007
4.8725000000000005 0.00749999999999984 0.0009130889863244 0.00012644154320250005 0.00012099612639849991
4.887499999999999 0.00749999999999984 0.0008453128278765 0.00011875639133039997 0.0001205724440076
4.9025 0.007500000000000284 0.0010026334691508 0.00012621536946520002 0.0001284719823876001
4.9175 0.00749999999999984 0.0009073635184153 0.0001434642143578 0.00014727823764230008
4.9325 0.007500000000000284 0.0010059810030981 0.00012777447963600007 0.00012559481594469997
4.9475 0.00749999999999984 0.0010657866812048 0.00014761407252659997 0.00014639422381789997
4.9625 0.00749999999999984 0.0009265915593881 0.00015514672559799997 0.0001536051283941999
